0 0.6073682308197021 0.15924018621444702 0.40809014439582825 0.31830185651779175
0 0.22458788752555847 0.16858243942260742 0.3664245009422302 0.24651457369327545
0 0.9332795739173889 0.22557486593723297 0.13361534476280212 0.30163031816482544
0 0.44458577036857605 0.7032924890518188 0.13739340007305145 0.14488829672336578
0 0.6255801916122437 0.7235053777694702 0.1342855989933014 0.1357647031545639
0 0.41330522298812866 0.5276978015899658 0.11222279071807861 0.11516042798757553
0 0.30984804034233093 0.6881570219993591 0.12519538402557373 0.14269256591796875
0 0.8533368706703186 0.45403072237968445 0.12555663287639618 0.10415960848331451
0 0.8057323694229126 0.7835582494735718 0.1551917940378189 0.17023856937885284
0 0.9714563488960266 0.6387315988540649 0.057076867669820786 0.14339905977249146
0 0.6864760518074036 0.502257764339447 0.12558060884475708 0.11834683269262314
0 0.49994295835494995 0.46728068590164185 0.9999986886978149 0.9283232092857361
0 0.8216711282730103 0.5908485651016235 0.13207919895648956 0.13224023580551147
0 0.9556623101234436 0.829319953918457 0.08858513087034225 0.18148201704025269
0 0.18306510150432587 0.660926878452301 0.12376465648412704 0.13515864312648773
0 0.9775004982948303 0.48534533381462097 0.04501296579837799 0.12996120750904083