0 0.5773423910140991 0.3075265884399414 0.19474031031131744 0.1975066065788269
0 0.1012251079082489 0.7112177014350891 0.1797473281621933 0.19011950492858887
0 0.3877156376838684 0.5375943779945374 0.18112409114837646 0.20430004596710205
0 0.8397809267044067 0.3248947560787201 0.1793621927499771 0.17721809446811676
0 0.18608932197093964 0.5433222651481628 0.17345881462097168 0.17055344581604004
0 0.8386707305908203 0.5611764192581177 0.2093038111925125 0.19750240445137024
0 0.3547598719596863 0.3418515622615814 0.18324314057826996 0.18236735463142395
0 0.6793124675750732 0.6962661147117615 0.19703197479248047 0.20423969626426697
0 0.1766786426305771 0.3474489152431488 0.17187821865081787 0.16557414829730988
0 0.3041093945503235 0.7140340805053711 0.19274115562438965 0.18461254239082336
0 0.5929263234138489 0.515800416469574 0.19369390606880188 0.1841941475868225
0 0.4773280918598175 0.5097914934158325 0.9361730813980103 0.5974695682525635