0 0.11193795502185822 0.5953132510185242 0.2238578498363495 0.3148735761642456
0 0.594917893409729 0.8280665278434753 0.19888614118099213 0.16272425651550293
0 0.5969911217689514 0.9550357460975647 0.20129558444023132 0.08990322053432465
0 0.35239139199256897 0.8373062014579773 0.21211124956607819 0.16405005753040314
0 0.08245251327753067 0.887399435043335 0.16505448520183563 0.22532431781291962
0 0.36240383982658386 0.6873748898506165 0.20882713794708252 0.14857520163059235
0 0.3450142741203308 0.9650442004203796 0.2109391987323761 0.06980481743812561
0 0.8511148691177368 0.9437764883041382 0.1461797058582306 0.1123405247926712
0 0.589361310005188 0.6832119822502136 0.19454285502433777 0.13661058247089386
0 0.8410761952400208 0.791006326675415 0.13417984545230865 0.12500305473804474
0 0.8319486379623413 0.6523039937019348 0.11822259426116943 0.11651763319969177