0 0.5000576376914978 0.5001320242881775 0.9999996423721313 0.9999984502792358
0 0.15890757739543915 0.3399052917957306 0.3175271451473236 0.27354079484939575
0 0.4886796772480011 0.2899807095527649 0.3464846611022949 0.2755073010921478
0 0.8561021685600281 0.6121085286140442 0.28769341111183167 0.3658883273601532
0 0.8357596397399902 0.3314000964164734 0.3281019330024719 0.28152385354042053
0 0.5127605199813843 0.580282986164093 0.41504478454589844 0.3641182482242584
0 0.7922449707984924 0.11314065009355545 0.32288387417793274 0.2263512909412384
0 0.17230090498924255 0.6337162256240845 0.34427496790885925 0.364621639251709
0 0.5450721979141235 0.8757802844047546 0.45538583397865295 0.24839910864830017
0 0.17487381398677826 0.11930602788925171 0.33103641867637634 0.23858734965324402
0 0.1614333689212799 0.8956272602081299 0.3229460120201111 0.2090226262807846
0 0.8823452591896057 0.8756425976753235 0.2351303994655609 0.248391792178154
0 0.4830135405063629 0.09288714826107025 0.2990347743034363 0.18577267229557037