0 0.6102023720741272 0.8452453017234802 0.433569997549057 0.3098951280117035
0 0.4930937886238098 0.2446145862340927 0.7266668677330017 0.4901663064956665
0 0.25133076310157776 0.3562246859073639 0.2445354014635086 0.2460525929927826
0 0.4825246334075928 0.37046852707862854 0.24836978316307068 0.24006006121635437
0 0.17083945870399475 0.8864094614982605 0.32045456767082214 0.2272283285856247
0 0.3045831620693207 0.18012043833732605 0.2069660723209381 0.19853369891643524
0 0.6858857274055481 0.30127599835395813 0.22199708223342896 0.3036929666996002
0 0.4219461977481842 0.06945634633302689 0.18736831843852997 0.1396782100200653
0 0.7549062967300415 0.14381612837314606 0.20051002502441406 0.2175382673740387
0 0.524091899394989 0.17714008688926697 0.21893222630023956 0.19546125829219818
0 0.6293777227401733 0.07830456644296646 0.2022952288389206 0.15683020651340485