0 0.4999275803565979 0.551299512386322 1.0 0.8981316685676575
0 0.7055461406707764 0.9000604748725891 0.5830020904541016 0.19987787306308746
0 0.27095985412597656 0.7846450209617615 0.2982693016529083 0.3165298104286194
0 0.5797235369682312 0.4868068993091583 0.279466450214386 0.2864644229412079
0 0.8584946393966675 0.48927122354507446 0.28305742144584656 0.2755723297595978
0 0.8665538430213928 0.2606154680252075 0.2670581638813019 0.26376479864120483
0 0.06172728165984154 0.8358116149902344 0.12356739491224289 0.3286791145801544
0 0.6194468140602112 0.2457577884197235 0.2394445687532425 0.23519358038902283
0 0.07556573301553726 0.5405529737472534 0.15099994838237762 0.29715365171432495
0 0.12418656796216965 0.27464598417282104 0.2483583390712738 0.3123086988925934
0 0.29168272018432617 0.4953485131263733 0.30237340927124023 0.28073373436927795