0 0.32852375507354736 0.7408808469772339 0.21929751336574554 0.22687307000160217
0 0.5737047791481018 0.23078489303588867 0.17738740146160126 0.17814499139785767
0 0.30938026309013367 0.4394761919975281 0.19738538563251495 0.22294014692306519
0 0.6384353637695312 0.6971060037612915 0.22087904810905457 0.23372413218021393
0 0.6030958890914917 0.448661208152771 0.17655280232429504 0.19361576437950134
0 0.7239488363265991 0.32442280650138855 0.17020629346370697 0.20093198120594025
0 0.14304636418819427 0.6015876531600952 0.2709365487098694 0.21836380660533905
0 0.12677441537380219 0.9040161371231079 0.25345516204833984 0.19177545607089996
0 0.9428054690361023 0.30726826190948486 0.11437705159187317 0.19401223957538605
0 0.7732997536659241 0.562487006187439 0.18356020748615265 0.19317202270030975
0 0.16684652864933014 0.3237818777561188 0.19348573684692383 0.19576658308506012
0 0.9691104888916016 0.5163480043411255 0.06179719418287277 0.18257828056812286